{
 "cells": [
  {
   "cell_type": "code",
   "execution_count": 1,
   "metadata": {},
   "outputs": [],
   "source": [
    "import pandas as pd\n",
    "import numpy as np\n",
    "from datetime import datetime\n",
    "from sklearn.linear_model import LinearRegression\n",
    "from sklearn.metrics import mean_absolute_error, mean_squared_error"
   ]
  },
  {
   "cell_type": "code",
   "execution_count": 2,
   "metadata": {},
   "outputs": [],
   "source": [
    "# Load data from csv \n",
    "data = pd.read_csv('sphist.csv')"
   ]
  },
  {
   "cell_type": "code",
   "execution_count": 3,
   "metadata": {},
   "outputs": [
    {
     "data": {
      "text/html": [
       "<div>\n",
       "<style scoped>\n",
       "    .dataframe tbody tr th:only-of-type {\n",
       "        vertical-align: middle;\n",
       "    }\n",
       "\n",
       "    .dataframe tbody tr th {\n",
       "        vertical-align: top;\n",
       "    }\n",
       "\n",
       "    .dataframe thead th {\n",
       "        text-align: right;\n",
       "    }\n",
       "</style>\n",
       "<table border=\"1\" class=\"dataframe\">\n",
       "  <thead>\n",
       "    <tr style=\"text-align: right;\">\n",
       "      <th></th>\n",
       "      <th>Date</th>\n",
       "      <th>Open</th>\n",
       "      <th>High</th>\n",
       "      <th>Low</th>\n",
       "      <th>Close</th>\n",
       "      <th>Volume</th>\n",
       "      <th>Adj Close</th>\n",
       "    </tr>\n",
       "  </thead>\n",
       "  <tbody>\n",
       "    <tr>\n",
       "      <th>0</th>\n",
       "      <td>2015-12-07</td>\n",
       "      <td>2090.419922</td>\n",
       "      <td>2090.419922</td>\n",
       "      <td>2066.780029</td>\n",
       "      <td>2077.070068</td>\n",
       "      <td>4.043820e+09</td>\n",
       "      <td>2077.070068</td>\n",
       "    </tr>\n",
       "    <tr>\n",
       "      <th>1</th>\n",
       "      <td>2015-12-04</td>\n",
       "      <td>2051.239990</td>\n",
       "      <td>2093.840088</td>\n",
       "      <td>2051.239990</td>\n",
       "      <td>2091.689941</td>\n",
       "      <td>4.214910e+09</td>\n",
       "      <td>2091.689941</td>\n",
       "    </tr>\n",
       "    <tr>\n",
       "      <th>2</th>\n",
       "      <td>2015-12-03</td>\n",
       "      <td>2080.709961</td>\n",
       "      <td>2085.000000</td>\n",
       "      <td>2042.349976</td>\n",
       "      <td>2049.620117</td>\n",
       "      <td>4.306490e+09</td>\n",
       "      <td>2049.620117</td>\n",
       "    </tr>\n",
       "    <tr>\n",
       "      <th>3</th>\n",
       "      <td>2015-12-02</td>\n",
       "      <td>2101.709961</td>\n",
       "      <td>2104.270020</td>\n",
       "      <td>2077.110107</td>\n",
       "      <td>2079.510010</td>\n",
       "      <td>3.950640e+09</td>\n",
       "      <td>2079.510010</td>\n",
       "    </tr>\n",
       "    <tr>\n",
       "      <th>4</th>\n",
       "      <td>2015-12-01</td>\n",
       "      <td>2082.929932</td>\n",
       "      <td>2103.370117</td>\n",
       "      <td>2082.929932</td>\n",
       "      <td>2102.629883</td>\n",
       "      <td>3.712120e+09</td>\n",
       "      <td>2102.629883</td>\n",
       "    </tr>\n",
       "    <tr>\n",
       "      <th>...</th>\n",
       "      <td>...</td>\n",
       "      <td>...</td>\n",
       "      <td>...</td>\n",
       "      <td>...</td>\n",
       "      <td>...</td>\n",
       "      <td>...</td>\n",
       "      <td>...</td>\n",
       "    </tr>\n",
       "    <tr>\n",
       "      <th>16585</th>\n",
       "      <td>1950-01-09</td>\n",
       "      <td>17.080000</td>\n",
       "      <td>17.080000</td>\n",
       "      <td>17.080000</td>\n",
       "      <td>17.080000</td>\n",
       "      <td>2.520000e+06</td>\n",
       "      <td>17.080000</td>\n",
       "    </tr>\n",
       "    <tr>\n",
       "      <th>16586</th>\n",
       "      <td>1950-01-06</td>\n",
       "      <td>16.980000</td>\n",
       "      <td>16.980000</td>\n",
       "      <td>16.980000</td>\n",
       "      <td>16.980000</td>\n",
       "      <td>2.010000e+06</td>\n",
       "      <td>16.980000</td>\n",
       "    </tr>\n",
       "    <tr>\n",
       "      <th>16587</th>\n",
       "      <td>1950-01-05</td>\n",
       "      <td>16.930000</td>\n",
       "      <td>16.930000</td>\n",
       "      <td>16.930000</td>\n",
       "      <td>16.930000</td>\n",
       "      <td>2.550000e+06</td>\n",
       "      <td>16.930000</td>\n",
       "    </tr>\n",
       "    <tr>\n",
       "      <th>16588</th>\n",
       "      <td>1950-01-04</td>\n",
       "      <td>16.850000</td>\n",
       "      <td>16.850000</td>\n",
       "      <td>16.850000</td>\n",
       "      <td>16.850000</td>\n",
       "      <td>1.890000e+06</td>\n",
       "      <td>16.850000</td>\n",
       "    </tr>\n",
       "    <tr>\n",
       "      <th>16589</th>\n",
       "      <td>1950-01-03</td>\n",
       "      <td>16.660000</td>\n",
       "      <td>16.660000</td>\n",
       "      <td>16.660000</td>\n",
       "      <td>16.660000</td>\n",
       "      <td>1.260000e+06</td>\n",
       "      <td>16.660000</td>\n",
       "    </tr>\n",
       "  </tbody>\n",
       "</table>\n",
       "<p>16590 rows × 7 columns</p>\n",
       "</div>"
      ],
      "text/plain": [
       "             Date         Open         High          Low        Close  \\\n",
       "0      2015-12-07  2090.419922  2090.419922  2066.780029  2077.070068   \n",
       "1      2015-12-04  2051.239990  2093.840088  2051.239990  2091.689941   \n",
       "2      2015-12-03  2080.709961  2085.000000  2042.349976  2049.620117   \n",
       "3      2015-12-02  2101.709961  2104.270020  2077.110107  2079.510010   \n",
       "4      2015-12-01  2082.929932  2103.370117  2082.929932  2102.629883   \n",
       "...           ...          ...          ...          ...          ...   \n",
       "16585  1950-01-09    17.080000    17.080000    17.080000    17.080000   \n",
       "16586  1950-01-06    16.980000    16.980000    16.980000    16.980000   \n",
       "16587  1950-01-05    16.930000    16.930000    16.930000    16.930000   \n",
       "16588  1950-01-04    16.850000    16.850000    16.850000    16.850000   \n",
       "16589  1950-01-03    16.660000    16.660000    16.660000    16.660000   \n",
       "\n",
       "             Volume    Adj Close  \n",
       "0      4.043820e+09  2077.070068  \n",
       "1      4.214910e+09  2091.689941  \n",
       "2      4.306490e+09  2049.620117  \n",
       "3      3.950640e+09  2079.510010  \n",
       "4      3.712120e+09  2102.629883  \n",
       "...             ...          ...  \n",
       "16585  2.520000e+06    17.080000  \n",
       "16586  2.010000e+06    16.980000  \n",
       "16587  2.550000e+06    16.930000  \n",
       "16588  1.890000e+06    16.850000  \n",
       "16589  1.260000e+06    16.660000  \n",
       "\n",
       "[16590 rows x 7 columns]"
      ]
     },
     "execution_count": 3,
     "metadata": {},
     "output_type": "execute_result"
    }
   ],
   "source": [
    "data"
   ]
  },
  {
   "cell_type": "code",
   "execution_count": 4,
   "metadata": {},
   "outputs": [],
   "source": [
    "# convert to datetime, assign to new column\n",
    "data['Date_converted'] = pd.to_datetime(data['Date'])\n",
    "# boolean for after 1 april\n",
    "after_one_april = data['Date_converted'] > datetime(year=2015, month=4, day=1)\n"
   ]
  },
  {
   "cell_type": "code",
   "execution_count": 5,
   "metadata": {},
   "outputs": [
    {
     "data": {
      "text/html": [
       "<div>\n",
       "<style scoped>\n",
       "    .dataframe tbody tr th:only-of-type {\n",
       "        vertical-align: middle;\n",
       "    }\n",
       "\n",
       "    .dataframe tbody tr th {\n",
       "        vertical-align: top;\n",
       "    }\n",
       "\n",
       "    .dataframe thead th {\n",
       "        text-align: right;\n",
       "    }\n",
       "</style>\n",
       "<table border=\"1\" class=\"dataframe\">\n",
       "  <thead>\n",
       "    <tr style=\"text-align: right;\">\n",
       "      <th></th>\n",
       "      <th>Date</th>\n",
       "      <th>Open</th>\n",
       "      <th>High</th>\n",
       "      <th>Low</th>\n",
       "      <th>Close</th>\n",
       "      <th>Volume</th>\n",
       "      <th>Adj Close</th>\n",
       "      <th>Date_converted</th>\n",
       "    </tr>\n",
       "  </thead>\n",
       "  <tbody>\n",
       "    <tr>\n",
       "      <th>0</th>\n",
       "      <td>2015-12-07</td>\n",
       "      <td>2090.419922</td>\n",
       "      <td>2090.419922</td>\n",
       "      <td>2066.780029</td>\n",
       "      <td>2077.070068</td>\n",
       "      <td>4.043820e+09</td>\n",
       "      <td>2077.070068</td>\n",
       "      <td>2015-12-07</td>\n",
       "    </tr>\n",
       "    <tr>\n",
       "      <th>1</th>\n",
       "      <td>2015-12-04</td>\n",
       "      <td>2051.239990</td>\n",
       "      <td>2093.840088</td>\n",
       "      <td>2051.239990</td>\n",
       "      <td>2091.689941</td>\n",
       "      <td>4.214910e+09</td>\n",
       "      <td>2091.689941</td>\n",
       "      <td>2015-12-04</td>\n",
       "    </tr>\n",
       "    <tr>\n",
       "      <th>2</th>\n",
       "      <td>2015-12-03</td>\n",
       "      <td>2080.709961</td>\n",
       "      <td>2085.000000</td>\n",
       "      <td>2042.349976</td>\n",
       "      <td>2049.620117</td>\n",
       "      <td>4.306490e+09</td>\n",
       "      <td>2049.620117</td>\n",
       "      <td>2015-12-03</td>\n",
       "    </tr>\n",
       "    <tr>\n",
       "      <th>3</th>\n",
       "      <td>2015-12-02</td>\n",
       "      <td>2101.709961</td>\n",
       "      <td>2104.270020</td>\n",
       "      <td>2077.110107</td>\n",
       "      <td>2079.510010</td>\n",
       "      <td>3.950640e+09</td>\n",
       "      <td>2079.510010</td>\n",
       "      <td>2015-12-02</td>\n",
       "    </tr>\n",
       "    <tr>\n",
       "      <th>4</th>\n",
       "      <td>2015-12-01</td>\n",
       "      <td>2082.929932</td>\n",
       "      <td>2103.370117</td>\n",
       "      <td>2082.929932</td>\n",
       "      <td>2102.629883</td>\n",
       "      <td>3.712120e+09</td>\n",
       "      <td>2102.629883</td>\n",
       "      <td>2015-12-01</td>\n",
       "    </tr>\n",
       "    <tr>\n",
       "      <th>...</th>\n",
       "      <td>...</td>\n",
       "      <td>...</td>\n",
       "      <td>...</td>\n",
       "      <td>...</td>\n",
       "      <td>...</td>\n",
       "      <td>...</td>\n",
       "      <td>...</td>\n",
       "      <td>...</td>\n",
       "    </tr>\n",
       "    <tr>\n",
       "      <th>16585</th>\n",
       "      <td>1950-01-09</td>\n",
       "      <td>17.080000</td>\n",
       "      <td>17.080000</td>\n",
       "      <td>17.080000</td>\n",
       "      <td>17.080000</td>\n",
       "      <td>2.520000e+06</td>\n",
       "      <td>17.080000</td>\n",
       "      <td>1950-01-09</td>\n",
       "    </tr>\n",
       "    <tr>\n",
       "      <th>16586</th>\n",
       "      <td>1950-01-06</td>\n",
       "      <td>16.980000</td>\n",
       "      <td>16.980000</td>\n",
       "      <td>16.980000</td>\n",
       "      <td>16.980000</td>\n",
       "      <td>2.010000e+06</td>\n",
       "      <td>16.980000</td>\n",
       "      <td>1950-01-06</td>\n",
       "    </tr>\n",
       "    <tr>\n",
       "      <th>16587</th>\n",
       "      <td>1950-01-05</td>\n",
       "      <td>16.930000</td>\n",
       "      <td>16.930000</td>\n",
       "      <td>16.930000</td>\n",
       "      <td>16.930000</td>\n",
       "      <td>2.550000e+06</td>\n",
       "      <td>16.930000</td>\n",
       "      <td>1950-01-05</td>\n",
       "    </tr>\n",
       "    <tr>\n",
       "      <th>16588</th>\n",
       "      <td>1950-01-04</td>\n",
       "      <td>16.850000</td>\n",
       "      <td>16.850000</td>\n",
       "      <td>16.850000</td>\n",
       "      <td>16.850000</td>\n",
       "      <td>1.890000e+06</td>\n",
       "      <td>16.850000</td>\n",
       "      <td>1950-01-04</td>\n",
       "    </tr>\n",
       "    <tr>\n",
       "      <th>16589</th>\n",
       "      <td>1950-01-03</td>\n",
       "      <td>16.660000</td>\n",
       "      <td>16.660000</td>\n",
       "      <td>16.660000</td>\n",
       "      <td>16.660000</td>\n",
       "      <td>1.260000e+06</td>\n",
       "      <td>16.660000</td>\n",
       "      <td>1950-01-03</td>\n",
       "    </tr>\n",
       "  </tbody>\n",
       "</table>\n",
       "<p>16590 rows × 8 columns</p>\n",
       "</div>"
      ],
      "text/plain": [
       "             Date         Open         High          Low        Close  \\\n",
       "0      2015-12-07  2090.419922  2090.419922  2066.780029  2077.070068   \n",
       "1      2015-12-04  2051.239990  2093.840088  2051.239990  2091.689941   \n",
       "2      2015-12-03  2080.709961  2085.000000  2042.349976  2049.620117   \n",
       "3      2015-12-02  2101.709961  2104.270020  2077.110107  2079.510010   \n",
       "4      2015-12-01  2082.929932  2103.370117  2082.929932  2102.629883   \n",
       "...           ...          ...          ...          ...          ...   \n",
       "16585  1950-01-09    17.080000    17.080000    17.080000    17.080000   \n",
       "16586  1950-01-06    16.980000    16.980000    16.980000    16.980000   \n",
       "16587  1950-01-05    16.930000    16.930000    16.930000    16.930000   \n",
       "16588  1950-01-04    16.850000    16.850000    16.850000    16.850000   \n",
       "16589  1950-01-03    16.660000    16.660000    16.660000    16.660000   \n",
       "\n",
       "             Volume    Adj Close Date_converted  \n",
       "0      4.043820e+09  2077.070068     2015-12-07  \n",
       "1      4.214910e+09  2091.689941     2015-12-04  \n",
       "2      4.306490e+09  2049.620117     2015-12-03  \n",
       "3      3.950640e+09  2079.510010     2015-12-02  \n",
       "4      3.712120e+09  2102.629883     2015-12-01  \n",
       "...             ...          ...            ...  \n",
       "16585  2.520000e+06    17.080000     1950-01-09  \n",
       "16586  2.010000e+06    16.980000     1950-01-06  \n",
       "16587  2.550000e+06    16.930000     1950-01-05  \n",
       "16588  1.890000e+06    16.850000     1950-01-04  \n",
       "16589  1.260000e+06    16.660000     1950-01-03  \n",
       "\n",
       "[16590 rows x 8 columns]"
      ]
     },
     "execution_count": 5,
     "metadata": {},
     "output_type": "execute_result"
    }
   ],
   "source": [
    "data"
   ]
  },
  {
   "cell_type": "code",
   "execution_count": 6,
   "metadata": {},
   "outputs": [],
   "source": [
    "# sort data by Date\n",
    "data = data.sort_values(by=['Date_converted']) "
   ]
  },
  {
   "cell_type": "code",
   "execution_count": 7,
   "metadata": {},
   "outputs": [
    {
     "data": {
      "text/html": [
       "<div>\n",
       "<style scoped>\n",
       "    .dataframe tbody tr th:only-of-type {\n",
       "        vertical-align: middle;\n",
       "    }\n",
       "\n",
       "    .dataframe tbody tr th {\n",
       "        vertical-align: top;\n",
       "    }\n",
       "\n",
       "    .dataframe thead th {\n",
       "        text-align: right;\n",
       "    }\n",
       "</style>\n",
       "<table border=\"1\" class=\"dataframe\">\n",
       "  <thead>\n",
       "    <tr style=\"text-align: right;\">\n",
       "      <th></th>\n",
       "      <th>Date</th>\n",
       "      <th>Open</th>\n",
       "      <th>High</th>\n",
       "      <th>Low</th>\n",
       "      <th>Close</th>\n",
       "      <th>Volume</th>\n",
       "      <th>Adj Close</th>\n",
       "      <th>Date_converted</th>\n",
       "    </tr>\n",
       "  </thead>\n",
       "  <tbody>\n",
       "    <tr>\n",
       "      <th>16589</th>\n",
       "      <td>1950-01-03</td>\n",
       "      <td>16.660000</td>\n",
       "      <td>16.660000</td>\n",
       "      <td>16.660000</td>\n",
       "      <td>16.660000</td>\n",
       "      <td>1.260000e+06</td>\n",
       "      <td>16.660000</td>\n",
       "      <td>1950-01-03</td>\n",
       "    </tr>\n",
       "    <tr>\n",
       "      <th>16588</th>\n",
       "      <td>1950-01-04</td>\n",
       "      <td>16.850000</td>\n",
       "      <td>16.850000</td>\n",
       "      <td>16.850000</td>\n",
       "      <td>16.850000</td>\n",
       "      <td>1.890000e+06</td>\n",
       "      <td>16.850000</td>\n",
       "      <td>1950-01-04</td>\n",
       "    </tr>\n",
       "    <tr>\n",
       "      <th>16587</th>\n",
       "      <td>1950-01-05</td>\n",
       "      <td>16.930000</td>\n",
       "      <td>16.930000</td>\n",
       "      <td>16.930000</td>\n",
       "      <td>16.930000</td>\n",
       "      <td>2.550000e+06</td>\n",
       "      <td>16.930000</td>\n",
       "      <td>1950-01-05</td>\n",
       "    </tr>\n",
       "    <tr>\n",
       "      <th>16586</th>\n",
       "      <td>1950-01-06</td>\n",
       "      <td>16.980000</td>\n",
       "      <td>16.980000</td>\n",
       "      <td>16.980000</td>\n",
       "      <td>16.980000</td>\n",
       "      <td>2.010000e+06</td>\n",
       "      <td>16.980000</td>\n",
       "      <td>1950-01-06</td>\n",
       "    </tr>\n",
       "    <tr>\n",
       "      <th>16585</th>\n",
       "      <td>1950-01-09</td>\n",
       "      <td>17.080000</td>\n",
       "      <td>17.080000</td>\n",
       "      <td>17.080000</td>\n",
       "      <td>17.080000</td>\n",
       "      <td>2.520000e+06</td>\n",
       "      <td>17.080000</td>\n",
       "      <td>1950-01-09</td>\n",
       "    </tr>\n",
       "    <tr>\n",
       "      <th>...</th>\n",
       "      <td>...</td>\n",
       "      <td>...</td>\n",
       "      <td>...</td>\n",
       "      <td>...</td>\n",
       "      <td>...</td>\n",
       "      <td>...</td>\n",
       "      <td>...</td>\n",
       "      <td>...</td>\n",
       "    </tr>\n",
       "    <tr>\n",
       "      <th>4</th>\n",
       "      <td>2015-12-01</td>\n",
       "      <td>2082.929932</td>\n",
       "      <td>2103.370117</td>\n",
       "      <td>2082.929932</td>\n",
       "      <td>2102.629883</td>\n",
       "      <td>3.712120e+09</td>\n",
       "      <td>2102.629883</td>\n",
       "      <td>2015-12-01</td>\n",
       "    </tr>\n",
       "    <tr>\n",
       "      <th>3</th>\n",
       "      <td>2015-12-02</td>\n",
       "      <td>2101.709961</td>\n",
       "      <td>2104.270020</td>\n",
       "      <td>2077.110107</td>\n",
       "      <td>2079.510010</td>\n",
       "      <td>3.950640e+09</td>\n",
       "      <td>2079.510010</td>\n",
       "      <td>2015-12-02</td>\n",
       "    </tr>\n",
       "    <tr>\n",
       "      <th>2</th>\n",
       "      <td>2015-12-03</td>\n",
       "      <td>2080.709961</td>\n",
       "      <td>2085.000000</td>\n",
       "      <td>2042.349976</td>\n",
       "      <td>2049.620117</td>\n",
       "      <td>4.306490e+09</td>\n",
       "      <td>2049.620117</td>\n",
       "      <td>2015-12-03</td>\n",
       "    </tr>\n",
       "    <tr>\n",
       "      <th>1</th>\n",
       "      <td>2015-12-04</td>\n",
       "      <td>2051.239990</td>\n",
       "      <td>2093.840088</td>\n",
       "      <td>2051.239990</td>\n",
       "      <td>2091.689941</td>\n",
       "      <td>4.214910e+09</td>\n",
       "      <td>2091.689941</td>\n",
       "      <td>2015-12-04</td>\n",
       "    </tr>\n",
       "    <tr>\n",
       "      <th>0</th>\n",
       "      <td>2015-12-07</td>\n",
       "      <td>2090.419922</td>\n",
       "      <td>2090.419922</td>\n",
       "      <td>2066.780029</td>\n",
       "      <td>2077.070068</td>\n",
       "      <td>4.043820e+09</td>\n",
       "      <td>2077.070068</td>\n",
       "      <td>2015-12-07</td>\n",
       "    </tr>\n",
       "  </tbody>\n",
       "</table>\n",
       "<p>16590 rows × 8 columns</p>\n",
       "</div>"
      ],
      "text/plain": [
       "             Date         Open         High          Low        Close  \\\n",
       "16589  1950-01-03    16.660000    16.660000    16.660000    16.660000   \n",
       "16588  1950-01-04    16.850000    16.850000    16.850000    16.850000   \n",
       "16587  1950-01-05    16.930000    16.930000    16.930000    16.930000   \n",
       "16586  1950-01-06    16.980000    16.980000    16.980000    16.980000   \n",
       "16585  1950-01-09    17.080000    17.080000    17.080000    17.080000   \n",
       "...           ...          ...          ...          ...          ...   \n",
       "4      2015-12-01  2082.929932  2103.370117  2082.929932  2102.629883   \n",
       "3      2015-12-02  2101.709961  2104.270020  2077.110107  2079.510010   \n",
       "2      2015-12-03  2080.709961  2085.000000  2042.349976  2049.620117   \n",
       "1      2015-12-04  2051.239990  2093.840088  2051.239990  2091.689941   \n",
       "0      2015-12-07  2090.419922  2090.419922  2066.780029  2077.070068   \n",
       "\n",
       "             Volume    Adj Close Date_converted  \n",
       "16589  1.260000e+06    16.660000     1950-01-03  \n",
       "16588  1.890000e+06    16.850000     1950-01-04  \n",
       "16587  2.550000e+06    16.930000     1950-01-05  \n",
       "16586  2.010000e+06    16.980000     1950-01-06  \n",
       "16585  2.520000e+06    17.080000     1950-01-09  \n",
       "...             ...          ...            ...  \n",
       "4      3.712120e+09  2102.629883     2015-12-01  \n",
       "3      3.950640e+09  2079.510010     2015-12-02  \n",
       "2      4.306490e+09  2049.620117     2015-12-03  \n",
       "1      4.214910e+09  2091.689941     2015-12-04  \n",
       "0      4.043820e+09  2077.070068     2015-12-07  \n",
       "\n",
       "[16590 rows x 8 columns]"
      ]
     },
     "execution_count": 7,
     "metadata": {},
     "output_type": "execute_result"
    }
   ],
   "source": [
    "data"
   ]
  },
  {
   "cell_type": "code",
   "execution_count": 8,
   "metadata": {},
   "outputs": [
    {
     "data": {
      "text/html": [
       "<div>\n",
       "<style scoped>\n",
       "    .dataframe tbody tr th:only-of-type {\n",
       "        vertical-align: middle;\n",
       "    }\n",
       "\n",
       "    .dataframe tbody tr th {\n",
       "        vertical-align: top;\n",
       "    }\n",
       "\n",
       "    .dataframe thead th {\n",
       "        text-align: right;\n",
       "    }\n",
       "</style>\n",
       "<table border=\"1\" class=\"dataframe\">\n",
       "  <thead>\n",
       "    <tr style=\"text-align: right;\">\n",
       "      <th></th>\n",
       "      <th>Date</th>\n",
       "      <th>Open</th>\n",
       "      <th>High</th>\n",
       "      <th>Low</th>\n",
       "      <th>Close</th>\n",
       "      <th>Volume</th>\n",
       "      <th>Adj Close</th>\n",
       "      <th>Date_converted</th>\n",
       "    </tr>\n",
       "    <tr>\n",
       "      <th>index</th>\n",
       "      <th></th>\n",
       "      <th></th>\n",
       "      <th></th>\n",
       "      <th></th>\n",
       "      <th></th>\n",
       "      <th></th>\n",
       "      <th></th>\n",
       "      <th></th>\n",
       "    </tr>\n",
       "  </thead>\n",
       "  <tbody>\n",
       "    <tr>\n",
       "      <th>0</th>\n",
       "      <td>1950-01-03</td>\n",
       "      <td>16.660000</td>\n",
       "      <td>16.660000</td>\n",
       "      <td>16.660000</td>\n",
       "      <td>16.660000</td>\n",
       "      <td>1.260000e+06</td>\n",
       "      <td>16.660000</td>\n",
       "      <td>1950-01-03</td>\n",
       "    </tr>\n",
       "    <tr>\n",
       "      <th>1</th>\n",
       "      <td>1950-01-04</td>\n",
       "      <td>16.850000</td>\n",
       "      <td>16.850000</td>\n",
       "      <td>16.850000</td>\n",
       "      <td>16.850000</td>\n",
       "      <td>1.890000e+06</td>\n",
       "      <td>16.850000</td>\n",
       "      <td>1950-01-04</td>\n",
       "    </tr>\n",
       "    <tr>\n",
       "      <th>2</th>\n",
       "      <td>1950-01-05</td>\n",
       "      <td>16.930000</td>\n",
       "      <td>16.930000</td>\n",
       "      <td>16.930000</td>\n",
       "      <td>16.930000</td>\n",
       "      <td>2.550000e+06</td>\n",
       "      <td>16.930000</td>\n",
       "      <td>1950-01-05</td>\n",
       "    </tr>\n",
       "    <tr>\n",
       "      <th>3</th>\n",
       "      <td>1950-01-06</td>\n",
       "      <td>16.980000</td>\n",
       "      <td>16.980000</td>\n",
       "      <td>16.980000</td>\n",
       "      <td>16.980000</td>\n",
       "      <td>2.010000e+06</td>\n",
       "      <td>16.980000</td>\n",
       "      <td>1950-01-06</td>\n",
       "    </tr>\n",
       "    <tr>\n",
       "      <th>4</th>\n",
       "      <td>1950-01-09</td>\n",
       "      <td>17.080000</td>\n",
       "      <td>17.080000</td>\n",
       "      <td>17.080000</td>\n",
       "      <td>17.080000</td>\n",
       "      <td>2.520000e+06</td>\n",
       "      <td>17.080000</td>\n",
       "      <td>1950-01-09</td>\n",
       "    </tr>\n",
       "    <tr>\n",
       "      <th>...</th>\n",
       "      <td>...</td>\n",
       "      <td>...</td>\n",
       "      <td>...</td>\n",
       "      <td>...</td>\n",
       "      <td>...</td>\n",
       "      <td>...</td>\n",
       "      <td>...</td>\n",
       "      <td>...</td>\n",
       "    </tr>\n",
       "    <tr>\n",
       "      <th>16585</th>\n",
       "      <td>2015-12-01</td>\n",
       "      <td>2082.929932</td>\n",
       "      <td>2103.370117</td>\n",
       "      <td>2082.929932</td>\n",
       "      <td>2102.629883</td>\n",
       "      <td>3.712120e+09</td>\n",
       "      <td>2102.629883</td>\n",
       "      <td>2015-12-01</td>\n",
       "    </tr>\n",
       "    <tr>\n",
       "      <th>16586</th>\n",
       "      <td>2015-12-02</td>\n",
       "      <td>2101.709961</td>\n",
       "      <td>2104.270020</td>\n",
       "      <td>2077.110107</td>\n",
       "      <td>2079.510010</td>\n",
       "      <td>3.950640e+09</td>\n",
       "      <td>2079.510010</td>\n",
       "      <td>2015-12-02</td>\n",
       "    </tr>\n",
       "    <tr>\n",
       "      <th>16587</th>\n",
       "      <td>2015-12-03</td>\n",
       "      <td>2080.709961</td>\n",
       "      <td>2085.000000</td>\n",
       "      <td>2042.349976</td>\n",
       "      <td>2049.620117</td>\n",
       "      <td>4.306490e+09</td>\n",
       "      <td>2049.620117</td>\n",
       "      <td>2015-12-03</td>\n",
       "    </tr>\n",
       "    <tr>\n",
       "      <th>16588</th>\n",
       "      <td>2015-12-04</td>\n",
       "      <td>2051.239990</td>\n",
       "      <td>2093.840088</td>\n",
       "      <td>2051.239990</td>\n",
       "      <td>2091.689941</td>\n",
       "      <td>4.214910e+09</td>\n",
       "      <td>2091.689941</td>\n",
       "      <td>2015-12-04</td>\n",
       "    </tr>\n",
       "    <tr>\n",
       "      <th>16589</th>\n",
       "      <td>2015-12-07</td>\n",
       "      <td>2090.419922</td>\n",
       "      <td>2090.419922</td>\n",
       "      <td>2066.780029</td>\n",
       "      <td>2077.070068</td>\n",
       "      <td>4.043820e+09</td>\n",
       "      <td>2077.070068</td>\n",
       "      <td>2015-12-07</td>\n",
       "    </tr>\n",
       "  </tbody>\n",
       "</table>\n",
       "<p>16590 rows × 8 columns</p>\n",
       "</div>"
      ],
      "text/plain": [
       "             Date         Open         High          Low        Close  \\\n",
       "index                                                                   \n",
       "0      1950-01-03    16.660000    16.660000    16.660000    16.660000   \n",
       "1      1950-01-04    16.850000    16.850000    16.850000    16.850000   \n",
       "2      1950-01-05    16.930000    16.930000    16.930000    16.930000   \n",
       "3      1950-01-06    16.980000    16.980000    16.980000    16.980000   \n",
       "4      1950-01-09    17.080000    17.080000    17.080000    17.080000   \n",
       "...           ...          ...          ...          ...          ...   \n",
       "16585  2015-12-01  2082.929932  2103.370117  2082.929932  2102.629883   \n",
       "16586  2015-12-02  2101.709961  2104.270020  2077.110107  2079.510010   \n",
       "16587  2015-12-03  2080.709961  2085.000000  2042.349976  2049.620117   \n",
       "16588  2015-12-04  2051.239990  2093.840088  2051.239990  2091.689941   \n",
       "16589  2015-12-07  2090.419922  2090.419922  2066.780029  2077.070068   \n",
       "\n",
       "             Volume    Adj Close Date_converted  \n",
       "index                                            \n",
       "0      1.260000e+06    16.660000     1950-01-03  \n",
       "1      1.890000e+06    16.850000     1950-01-04  \n",
       "2      2.550000e+06    16.930000     1950-01-05  \n",
       "3      2.010000e+06    16.980000     1950-01-06  \n",
       "4      2.520000e+06    17.080000     1950-01-09  \n",
       "...             ...          ...            ...  \n",
       "16585  3.712120e+09  2102.629883     2015-12-01  \n",
       "16586  3.950640e+09  2079.510010     2015-12-02  \n",
       "16587  4.306490e+09  2049.620117     2015-12-03  \n",
       "16588  4.214910e+09  2091.689941     2015-12-04  \n",
       "16589  4.043820e+09  2077.070068     2015-12-07  \n",
       "\n",
       "[16590 rows x 8 columns]"
      ]
     },
     "execution_count": 8,
     "metadata": {},
     "output_type": "execute_result"
    }
   ],
   "source": [
    "data['index'] = range(0, data.shape[0], 1)\n",
    "data.set_index(['index'])\n",
    "#data.reset_index(drop=True, inplace=True)\n",
    "#print(data.iloc[:10])"
   ]
  },
  {
   "cell_type": "code",
   "execution_count": 13,
   "metadata": {},
   "outputs": [
    {
     "data": {
      "text/html": [
       "<div>\n",
       "<style scoped>\n",
       "    .dataframe tbody tr th:only-of-type {\n",
       "        vertical-align: middle;\n",
       "    }\n",
       "\n",
       "    .dataframe tbody tr th {\n",
       "        vertical-align: top;\n",
       "    }\n",
       "\n",
       "    .dataframe thead th {\n",
       "        text-align: right;\n",
       "    }\n",
       "</style>\n",
       "<table border=\"1\" class=\"dataframe\">\n",
       "  <thead>\n",
       "    <tr style=\"text-align: right;\">\n",
       "      <th></th>\n",
       "      <th>Date</th>\n",
       "      <th>Open</th>\n",
       "      <th>High</th>\n",
       "      <th>Low</th>\n",
       "      <th>Close</th>\n",
       "      <th>Volume</th>\n",
       "      <th>Adj Close</th>\n",
       "      <th>Date_converted</th>\n",
       "      <th>index</th>\n",
       "      <th>5_days</th>\n",
       "    </tr>\n",
       "  </thead>\n",
       "  <tbody>\n",
       "    <tr>\n",
       "      <th>16589</th>\n",
       "      <td>1950-01-03</td>\n",
       "      <td>16.660000</td>\n",
       "      <td>16.660000</td>\n",
       "      <td>16.660000</td>\n",
       "      <td>16.660000</td>\n",
       "      <td>1.260000e+06</td>\n",
       "      <td>16.660000</td>\n",
       "      <td>1950-01-03</td>\n",
       "      <td>0</td>\n",
       "      <td>&lt;bound method Rolling.mean of Rolling [window=...</td>\n",
       "    </tr>\n",
       "    <tr>\n",
       "      <th>16588</th>\n",
       "      <td>1950-01-04</td>\n",
       "      <td>16.850000</td>\n",
       "      <td>16.850000</td>\n",
       "      <td>16.850000</td>\n",
       "      <td>16.850000</td>\n",
       "      <td>1.890000e+06</td>\n",
       "      <td>16.850000</td>\n",
       "      <td>1950-01-04</td>\n",
       "      <td>1</td>\n",
       "      <td>&lt;bound method Rolling.mean of Rolling [window=...</td>\n",
       "    </tr>\n",
       "    <tr>\n",
       "      <th>16587</th>\n",
       "      <td>1950-01-05</td>\n",
       "      <td>16.930000</td>\n",
       "      <td>16.930000</td>\n",
       "      <td>16.930000</td>\n",
       "      <td>16.930000</td>\n",
       "      <td>2.550000e+06</td>\n",
       "      <td>16.930000</td>\n",
       "      <td>1950-01-05</td>\n",
       "      <td>2</td>\n",
       "      <td>&lt;bound method Rolling.mean of Rolling [window=...</td>\n",
       "    </tr>\n",
       "    <tr>\n",
       "      <th>16586</th>\n",
       "      <td>1950-01-06</td>\n",
       "      <td>16.980000</td>\n",
       "      <td>16.980000</td>\n",
       "      <td>16.980000</td>\n",
       "      <td>16.980000</td>\n",
       "      <td>2.010000e+06</td>\n",
       "      <td>16.980000</td>\n",
       "      <td>1950-01-06</td>\n",
       "      <td>3</td>\n",
       "      <td>&lt;bound method Rolling.mean of Rolling [window=...</td>\n",
       "    </tr>\n",
       "    <tr>\n",
       "      <th>16585</th>\n",
       "      <td>1950-01-09</td>\n",
       "      <td>17.080000</td>\n",
       "      <td>17.080000</td>\n",
       "      <td>17.080000</td>\n",
       "      <td>17.080000</td>\n",
       "      <td>2.520000e+06</td>\n",
       "      <td>17.080000</td>\n",
       "      <td>1950-01-09</td>\n",
       "      <td>4</td>\n",
       "      <td>&lt;bound method Rolling.mean of Rolling [window=...</td>\n",
       "    </tr>\n",
       "    <tr>\n",
       "      <th>...</th>\n",
       "      <td>...</td>\n",
       "      <td>...</td>\n",
       "      <td>...</td>\n",
       "      <td>...</td>\n",
       "      <td>...</td>\n",
       "      <td>...</td>\n",
       "      <td>...</td>\n",
       "      <td>...</td>\n",
       "      <td>...</td>\n",
       "      <td>...</td>\n",
       "    </tr>\n",
       "    <tr>\n",
       "      <th>4</th>\n",
       "      <td>2015-12-01</td>\n",
       "      <td>2082.929932</td>\n",
       "      <td>2103.370117</td>\n",
       "      <td>2082.929932</td>\n",
       "      <td>2102.629883</td>\n",
       "      <td>3.712120e+09</td>\n",
       "      <td>2102.629883</td>\n",
       "      <td>2015-12-01</td>\n",
       "      <td>16585</td>\n",
       "      <td>&lt;bound method Rolling.mean of Rolling [window=...</td>\n",
       "    </tr>\n",
       "    <tr>\n",
       "      <th>3</th>\n",
       "      <td>2015-12-02</td>\n",
       "      <td>2101.709961</td>\n",
       "      <td>2104.270020</td>\n",
       "      <td>2077.110107</td>\n",
       "      <td>2079.510010</td>\n",
       "      <td>3.950640e+09</td>\n",
       "      <td>2079.510010</td>\n",
       "      <td>2015-12-02</td>\n",
       "      <td>16586</td>\n",
       "      <td>&lt;bound method Rolling.mean of Rolling [window=...</td>\n",
       "    </tr>\n",
       "    <tr>\n",
       "      <th>2</th>\n",
       "      <td>2015-12-03</td>\n",
       "      <td>2080.709961</td>\n",
       "      <td>2085.000000</td>\n",
       "      <td>2042.349976</td>\n",
       "      <td>2049.620117</td>\n",
       "      <td>4.306490e+09</td>\n",
       "      <td>2049.620117</td>\n",
       "      <td>2015-12-03</td>\n",
       "      <td>16587</td>\n",
       "      <td>&lt;bound method Rolling.mean of Rolling [window=...</td>\n",
       "    </tr>\n",
       "    <tr>\n",
       "      <th>1</th>\n",
       "      <td>2015-12-04</td>\n",
       "      <td>2051.239990</td>\n",
       "      <td>2093.840088</td>\n",
       "      <td>2051.239990</td>\n",
       "      <td>2091.689941</td>\n",
       "      <td>4.214910e+09</td>\n",
       "      <td>2091.689941</td>\n",
       "      <td>2015-12-04</td>\n",
       "      <td>16588</td>\n",
       "      <td>&lt;bound method Rolling.mean of Rolling [window=...</td>\n",
       "    </tr>\n",
       "    <tr>\n",
       "      <th>0</th>\n",
       "      <td>2015-12-07</td>\n",
       "      <td>2090.419922</td>\n",
       "      <td>2090.419922</td>\n",
       "      <td>2066.780029</td>\n",
       "      <td>2077.070068</td>\n",
       "      <td>4.043820e+09</td>\n",
       "      <td>2077.070068</td>\n",
       "      <td>2015-12-07</td>\n",
       "      <td>16589</td>\n",
       "      <td>&lt;bound method Rolling.mean of Rolling [window=...</td>\n",
       "    </tr>\n",
       "  </tbody>\n",
       "</table>\n",
       "<p>16590 rows × 10 columns</p>\n",
       "</div>"
      ],
      "text/plain": [
       "             Date         Open         High          Low        Close  \\\n",
       "16589  1950-01-03    16.660000    16.660000    16.660000    16.660000   \n",
       "16588  1950-01-04    16.850000    16.850000    16.850000    16.850000   \n",
       "16587  1950-01-05    16.930000    16.930000    16.930000    16.930000   \n",
       "16586  1950-01-06    16.980000    16.980000    16.980000    16.980000   \n",
       "16585  1950-01-09    17.080000    17.080000    17.080000    17.080000   \n",
       "...           ...          ...          ...          ...          ...   \n",
       "4      2015-12-01  2082.929932  2103.370117  2082.929932  2102.629883   \n",
       "3      2015-12-02  2101.709961  2104.270020  2077.110107  2079.510010   \n",
       "2      2015-12-03  2080.709961  2085.000000  2042.349976  2049.620117   \n",
       "1      2015-12-04  2051.239990  2093.840088  2051.239990  2091.689941   \n",
       "0      2015-12-07  2090.419922  2090.419922  2066.780029  2077.070068   \n",
       "\n",
       "             Volume    Adj Close Date_converted  index  \\\n",
       "16589  1.260000e+06    16.660000     1950-01-03      0   \n",
       "16588  1.890000e+06    16.850000     1950-01-04      1   \n",
       "16587  2.550000e+06    16.930000     1950-01-05      2   \n",
       "16586  2.010000e+06    16.980000     1950-01-06      3   \n",
       "16585  2.520000e+06    17.080000     1950-01-09      4   \n",
       "...             ...          ...            ...    ...   \n",
       "4      3.712120e+09  2102.629883     2015-12-01  16585   \n",
       "3      3.950640e+09  2079.510010     2015-12-02  16586   \n",
       "2      4.306490e+09  2049.620117     2015-12-03  16587   \n",
       "1      4.214910e+09  2091.689941     2015-12-04  16588   \n",
       "0      4.043820e+09  2077.070068     2015-12-07  16589   \n",
       "\n",
       "                                                  5_days  \n",
       "16589  <bound method Rolling.mean of Rolling [window=...  \n",
       "16588  <bound method Rolling.mean of Rolling [window=...  \n",
       "16587  <bound method Rolling.mean of Rolling [window=...  \n",
       "16586  <bound method Rolling.mean of Rolling [window=...  \n",
       "16585  <bound method Rolling.mean of Rolling [window=...  \n",
       "...                                                  ...  \n",
       "4      <bound method Rolling.mean of Rolling [window=...  \n",
       "3      <bound method Rolling.mean of Rolling [window=...  \n",
       "2      <bound method Rolling.mean of Rolling [window=...  \n",
       "1      <bound method Rolling.mean of Rolling [window=...  \n",
       "0      <bound method Rolling.mean of Rolling [window=...  \n",
       "\n",
       "[16590 rows x 10 columns]"
      ]
     },
     "execution_count": 13,
     "metadata": {},
     "output_type": "execute_result"
    }
   ],
   "source": [
    "data['5_days'] = data.rolling(window=5).mean\n",
    "#data['30_days'] = pd.rolling_mean(data['Close'],window=30)\n",
    "#data['365_days'] = pd.rolling_mean(data['Close'], window=365)\n",
    "#data = data.shift(periods=1)\n",
    "'''\n",
    "data2 = data[data['Date']>datetime(year=1951, month=1, day=3)]\n",
    "data2.dropna(axis=0, inplace=True)\n",
    "\n",
    "train = data2[data2['Date'] < datetime(year=2013, month=1, day=1)]\n",
