{
 "cells": [
  {
   "cell_type": "markdown",
   "metadata": {},
   "source": [
    "---\n",
    "Machine Learning\n",
    " \n",
    "---\n",
    "\n",
    "\n",
    "# Time series data\n",
    "## Predict stock prices\n",
    "In the dataset we have about 17,000 rows of historical stock price data between 1950 and 2015. We will use part of this data to train **Linear Regression** model, to be able to *predict* price on test data. As predicted value is continous data metric we will evaluate this will be `mean absolute error`. This data is present in csv file. "
   ]
  },
  {
   "cell_type": "code",
   "execution_count": 61,
   "metadata": {},
   "outputs": [],
   "source": [
    "import pandas as pd\n",
    "import numpy as np\n",
    "from datetime import datetime\n",
    "\n",
    "from sklearn.linear_model import LinearRegression\n",
    "from sklearn.metrics import mean_absolute_error, mean_squared_error\n"
   ]
  },
  {
   "cell_type": "code",
   "execution_count": 62,
   "metadata": {},
   "outputs": [],
   "source": [
    "# Load data from csv \n",
    "data = pd.read_csv('sphist.csv')"
   ]
  },
  {
   "cell_type": "markdown",
   "metadata": {},
   "source": [
    "#### Data Preview\n",
    "The `date` column is string values, we need to convert to date-time value. Also arrange the data in time order."
   ]
  },
  {
   "cell_type": "code",
   "execution_count": 63,
   "metadata": {},
   "outputs": [
    {
     "data": {
      "text/html": [
       "<div>\n",
       "<style scoped>\n",
       "    .dataframe tbody tr th:only-of-type {\n",
       "        vertical-align: middle;\n",
       "    }\n",
       "\n",
       "    .dataframe tbody tr th {\n",
       "        vertical-align: top;\n",
       "    }\n",
       "\n",
       "    .dataframe thead th {\n",
       "        text-align: right;\n",
       "    }\n",
       "</style>\n",
       "<table border=\"1\" class=\"dataframe\">\n",
       "  <thead>\n",
       "    <tr style=\"text-align: right;\">\n",
       "      <th></th>\n",
       "      <th>Date</th>\n",
       "      <th>Open</th>\n",
       "      <th>High</th>\n",
       "      <th>Low</th>\n",
       "      <th>Close</th>\n",
       "      <th>Volume</th>\n",
       "      <th>Adj Close</th>\n",
       "    </tr>\n",
       "  </thead>\n",
       "  <tbody>\n",
       "    <tr>\n",
       "      <th>0</th>\n",
       "      <td>2015-12-07</td>\n",
       "      <td>2090.419922</td>\n",
       "      <td>2090.419922</td>\n",
       "      <td>2066.780029</td>\n",
       "      <td>2077.070068</td>\n",
       "      <td>4.043820e+09</td>\n",
       "      <td>2077.070068</td>\n",
       "    </tr>\n",
       "    <tr>\n",
       "      <th>1</th>\n",
       "      <td>2015-12-04</td>\n",
       "      <td>2051.239990</td>\n",
       "      <td>2093.840088</td>\n",
       "      <td>2051.239990</td>\n",
       "      <td>2091.689941</td>\n",
       "      <td>4.214910e+09</td>\n",
       "      <td>2091.689941</td>\n",
       "    </tr>\n",
       "    <tr>\n",
       "      <th>2</th>\n",
       "      <td>2015-12-03</td>\n",
       "      <td>2080.709961</td>\n",
       "      <td>2085.000000</td>\n",
       "      <td>2042.349976</td>\n",
       "      <td>2049.620117</td>\n",
       "      <td>4.306490e+09</td>\n",
       "      <td>2049.620117</td>\n",
       "    </tr>\n",
       "    <tr>\n",
       "      <th>3</th>\n",
       "      <td>2015-12-02</td>\n",
       "      <td>2101.709961</td>\n",
       "      <td>2104.270020</td>\n",
       "      <td>2077.110107</td>\n",
       "      <td>2079.510010</td>\n",
       "      <td>3.950640e+09</td>\n",
       "      <td>2079.510010</td>\n",
       "    </tr>\n",
       "    <tr>\n",
       "      <th>4</th>\n",
       "      <td>2015-12-01</td>\n",
       "      <td>2082.929932</td>\n",
       "      <td>2103.370117</td>\n",
       "      <td>2082.929932</td>\n",
       "      <td>2102.629883</td>\n",
       "      <td>3.712120e+09</td>\n",
       "      <td>2102.629883</td>\n",
       "    </tr>\n",
       "    <tr>\n",
       "      <th>...</th>\n",
       "      <td>...</td>\n",
       "      <td>...</td>\n",
       "      <td>...</td>\n",
       "      <td>...</td>\n",
       "      <td>...</td>\n",
       "      <td>...</td>\n",
       "      <td>...</td>\n",
       "    </tr>\n",
       "    <tr>\n",
       "      <th>16585</th>\n",
       "      <td>1950-01-09</td>\n",
       "      <td>17.080000</td>\n",
       "      <td>17.080000</td>\n",
       "      <td>17.080000</td>\n",
       "      <td>17.080000</td>\n",
       "      <td>2.520000e+06</td>\n",
       "      <td>17.080000</td>\n",
       "    </tr>\n",
       "    <tr>\n",
       "      <th>16586</th>\n",
       "      <td>1950-01-06</td>\n",
       "      <td>16.980000</td>\n",
       "      <td>16.980000</td>\n",
       "      <td>16.980000</td>\n",
       "      <td>16.980000</td>\n",
       "      <td>2.010000e+06</td>\n",
       "      <td>16.980000</td>\n",
       "    </tr>\n",
       "    <tr>\n",
       "      <th>16587</th>\n",
       "      <td>1950-01-05</td>\n",
       "      <td>16.930000</td>\n",
       "      <td>16.930000</td>\n",
       "      <td>16.930000</td>\n",
       "      <td>16.930000</td>\n",
       "      <td>2.550000e+06</td>\n",
       "      <td>16.930000</td>\n",
       "    </tr>\n",
       "    <tr>\n",
       "      <th>16588</th>\n",
       "      <td>1950-01-04</td>\n",
       "      <td>16.850000</td>\n",
       "      <td>16.850000</td>\n",
       "      <td>16.850000</td>\n",
       "      <td>16.850000</td>\n",
       "      <td>1.890000e+06</td>\n",
       "      <td>16.850000</td>\n",
       "    </tr>\n",
       "    <tr>\n",
       "      <th>16589</th>\n",
       "      <td>1950-01-03</td>\n",
       "      <td>16.660000</td>\n",
       "      <td>16.660000</td>\n",
       "      <td>16.660000</td>\n",
       "      <td>16.660000</td>\n",
       "      <td>1.260000e+06</td>\n",
       "      <td>16.660000</td>\n",
       "    </tr>\n",
       "  </tbody>\n",
       "</table>\n",
       "<p>16590 rows × 7 columns</p>\n",
       "</div>"
      ],
      "text/plain": [
       "             Date         Open         High          Low        Close  \\\n",
       "0      2015-12-07  2090.419922  2090.419922  2066.780029  2077.070068   \n",
       "1      2015-12-04  2051.239990  2093.840088  2051.239990  2091.689941   \n",
       "2      2015-12-03  2080.709961  2085.000000  2042.349976  2049.620117   \n",
       "3      2015-12-02  2101.709961  2104.270020  2077.110107  2079.510010   \n",
       "4      2015-12-01  2082.929932  2103.370117  2082.929932  2102.629883   \n",
       "...           ...          ...          ...          ...          ...   \n",
       "16585  1950-01-09    17.080000    17.080000    17.080000    17.080000   \n",
       "16586  1950-01-06    16.980000    16.980000    16.980000    16.980000   \n",
       "16587  1950-01-05    16.930000    16.930000    16.930000    16.930000   \n",
       "16588  1950-01-04    16.850000    16.850000    16.850000    16.850000   \n",
       "16589  1950-01-03    16.660000    16.660000    16.660000    16.660000   \n",
       "\n",
       "             Volume    Adj Close  \n",
       "0      4.043820e+09  2077.070068  \n",
       "1      4.214910e+09  2091.689941  \n",
       "2      4.306490e+09  2049.620117  \n",
       "3      3.950640e+09  2079.510010  \n",
       "4      3.712120e+09  2102.629883  \n",
       "...             ...          ...  \n",
       "16585  2.520000e+06    17.080000  \n",
       "16586  2.010000e+06    16.980000  \n",
       "16587  2.550000e+06    16.930000  \n",
       "16588  1.890000e+06    16.850000  \n",
       "16589  1.260000e+06    16.660000  \n",
       "\n",
       "[16590 rows x 7 columns]"
      ]
     },
     "execution_count": 63,
     "metadata": {},
     "output_type": "execute_result"
    }
   ],
   "source": [
    "data"
   ]
  },
  {
   "cell_type": "markdown",
   "metadata": {},
   "source": [
    "#### Sort data and reindex"
   ]
  },
  {
   "cell_type": "code",
   "execution_count": 64,
   "metadata": {},
   "outputs": [],
   "source": [
    "# convert string in 'Date' to datetime value, assign to new column 'Date_converted'\n",
    "data['Date_converted'] = pd.to_datetime(data['Date'])\n",
    "\n",
    "# create boolean for after 1 april\n",
    "after_one_april = data['Date_converted'] > datetime(year=2015, month=4, day=1)\n"
   ]
  },
  {
   "cell_type": "code",
   "execution_count": 65,
   "metadata": {},
   "outputs": [
    {
     "data": {
      "text/html": [
       "<div>\n",
       "<style scoped>\n",
       "    .dataframe tbody tr th:only-of-type {\n",
       "        vertical-align: middle;\n",
       "    }\n",
       "\n",
       "    .dataframe tbody tr th {\n",
       "        vertical-align: top;\n",
       "    }\n",
       "\n",
       "    .dataframe thead th {\n",
       "        text-align: right;\n",
       "    }\n",
       "</style>\n",
       "<table border=\"1\" class=\"dataframe\">\n",
       "  <thead>\n",
       "    <tr style=\"text-align: right;\">\n",
       "      <th></th>\n",
       "      <th>Date</th>\n",
       "      <th>Open</th>\n",
       "      <th>High</th>\n",
       "      <th>Low</th>\n",
       "      <th>Close</th>\n",
       "      <th>Volume</th>\n",
       "      <th>Adj Close</th>\n",
       "      <th>Date_converted</th>\n",
       "    </tr>\n",
       "  </thead>\n",
       "  <tbody>\n",
       "    <tr>\n",
       "      <th>0</th>\n",
       "      <td>2015-12-07</td>\n",
       "      <td>2090.419922</td>\n",
       "      <td>2090.419922</td>\n",
       "      <td>2066.780029</td>\n",
       "      <td>2077.070068</td>\n",
       "      <td>4.043820e+09</td>\n",
       "      <td>2077.070068</td>\n",
       "      <td>2015-12-07</td>\n",
       "    </tr>\n",
       "    <tr>\n",
       "      <th>1</th>\n",
       "      <td>2015-12-04</td>\n",
       "      <td>2051.239990</td>\n",
       "      <td>2093.840088</td>\n",
       "      <td>2051.239990</td>\n",
       "      <td>2091.689941</td>\n",
       "      <td>4.214910e+09</td>\n",
       "      <td>2091.689941</td>\n",
       "      <td>2015-12-04</td>\n",
       "    </tr>\n",
       "    <tr>\n",
       "      <th>2</th>\n",
       "      <td>2015-12-03</td>\n",
       "      <td>2080.709961</td>\n",
       "      <td>2085.000000</td>\n",
       "      <td>2042.349976</td>\n",
       "      <td>2049.620117</td>\n",
       "      <td>4.306490e+09</td>\n",
       "      <td>2049.620117</td>\n",
       "      <td>2015-12-03</td>\n",
       "    </tr>\n",
       "    <tr>\n",
       "      <th>3</th>\n",
       "      <td>2015-12-02</td>\n",
       "      <td>2101.709961</td>\n",
       "      <td>2104.270020</td>\n",
       "      <td>2077.110107</td>\n",
       "      <td>2079.510010</td>\n",
       "      <td>3.950640e+09</td>\n",
       "      <td>2079.510010</td>\n",
       "      <td>2015-12-02</td>\n",
       "    </tr>\n",
       "    <tr>\n",
       "      <th>4</th>\n",
       "      <td>2015-12-01</td>\n",
       "      <td>2082.929932</td>\n",
       "      <td>2103.370117</td>\n",
       "      <td>2082.929932</td>\n",
       "      <td>2102.629883</td>\n",
       "      <td>3.712120e+09</td>\n",
       "      <td>2102.629883</td>\n",
       "      <td>2015-12-01</td>\n",
       "    </tr>\n",
       "    <tr>\n",
       "      <th>...</th>\n",
       "      <td>...</td>\n",
       "      <td>...</td>\n",
       "      <td>...</td>\n",
       "      <td>...</td>\n",
       "      <td>...</td>\n",
       "      <td>...</td>\n",
       "      <td>...</td>\n",
       "      <td>...</td>\n",
       "    </tr>\n",
       "    <tr>\n",
       "      <th>16585</th>\n",
       "      <td>1950-01-09</td>\n",
       "      <td>17.080000</td>\n",
       "      <td>17.080000</td>\n",
       "      <td>17.080000</td>\n",
       "      <td>17.080000</td>\n",
       "      <td>2.520000e+06</td>\n",
       "      <td>17.080000</td>\n",
       "      <td>1950-01-09</td>\n",
       "    </tr>\n",
       "    <tr>\n",
       "      <th>16586</th>\n",
       "      <td>1950-01-06</td>\n",
       "      <td>16.980000</td>\n",
       "      <td>16.980000</td>\n",
       "      <td>16.980000</td>\n",
       "      <td>16.980000</td>\n",
       "      <td>2.010000e+06</td>\n",
       "      <td>16.980000</td>\n",
       "      <td>1950-01-06</td>\n",
       "    </tr>\n",
       "    <tr>\n",
       "      <th>16587</th>\n",
       "      <td>1950-01-05</td>\n",
       "      <td>16.930000</td>\n",
       "      <td>16.930000</td>\n",
       "      <td>16.930000</td>\n",
       "      <td>16.930000</td>\n",
       "      <td>2.550000e+06</td>\n",
       "      <td>16.930000</td>\n",
       "      <td>1950-01-05</td>\n",
       "    </tr>\n",
       "    <tr>\n",
       "      <th>16588</th>\n",
       "      <td>1950-01-04</td>\n",
       "      <td>16.850000</td>\n",
       "      <td>16.850000</td>\n",
       "      <td>16.850000</td>\n",
       "      <td>16.850000</td>\n",
       "      <td>1.890000e+06</td>\n",
       "      <td>16.850000</td>\n",
       "      <td>1950-01-04</td>\n",
       "    </tr>\n",
       "    <tr>\n",
       "      <th>16589</th>\n",
       "      <td>1950-01-03</td>\n",
       "      <td>16.660000</td>\n",
       "      <td>16.660000</td>\n",
       "      <td>16.660000</td>\n",
       "      <td>16.660000</td>\n",
       "      <td>1.260000e+06</td>\n",
       "      <td>16.660000</td>\n",
       "      <td>1950-01-03</td>\n",
       "    </tr>\n",
       "  </tbody>\n",
       "</table>\n",
       "<p>16590 rows × 8 columns</p>\n",
       "</div>"
      ],
      "text/plain": [
       "             Date         Open         High          Low        Close  \\\n",
       "0      2015-12-07  2090.419922  2090.419922  2066.780029  2077.070068   \n",
       "1      2015-12-04  2051.239990  2093.840088  2051.239990  2091.689941   \n",
       "2      2015-12-03  2080.709961  2085.000000  2042.349976  2049.620117   \n",
       "3      2015-12-02  2101.709961  2104.270020  2077.110107  2079.510010   \n",
       "4      2015-12-01  2082.929932  2103.370117  2082.929932  2102.629883   \n",
       "...           ...          ...          ...          ...          ...   \n",
       "16585  1950-01-09    17.080000    17.080000    17.080000    17.080000   \n",
       "16586  1950-01-06    16.980000    16.980000    16.980000    16.980000   \n",
       "16587  1950-01-05    16.930000    16.930000    16.930000    16.930000   \n",
       "16588  1950-01-04    16.850000    16.850000    16.850000    16.850000   \n",
       "16589  1950-01-03    16.660000    16.660000    16.660000    16.660000   \n",
       "\n",
       "             Volume    Adj Close Date_converted  \n",
       "0      4.043820e+09  2077.070068     2015-12-07  \n",
       "1      4.214910e+09  2091.689941     2015-12-04  \n",
       "2      4.306490e+09  2049.620117     2015-12-03  \n",
       "3      3.950640e+09  2079.510010     2015-12-02  \n",
       "4      3.712120e+09  2102.629883     2015-12-01  \n",
       "...             ...          ...            ...  \n",
       "16585  2.520000e+06    17.080000     1950-01-09  \n",
       "16586  2.010000e+06    16.980000     1950-01-06  \n",
       "16587  2.550000e+06    16.930000     1950-01-05  \n",
       "16588  1.890000e+06    16.850000     1950-01-04  \n",
       "16589  1.260000e+06    16.660000     1950-01-03  \n",
       "\n",
       "[16590 rows x 8 columns]"
      ]
     },
     "execution_count": 65,
     "metadata": {},
     "output_type": "execute_result"
    }
   ],
   "source": [
    "data"
   ]
  },
  {
   "cell_type": "code",
   "execution_count": 66,
   "metadata": {},
   "outputs": [],
   "source": [
    "# sort data by Date\n",
    "data = data.sort_values(by=['Date_converted']) "
   ]
  },
  {
   "cell_type": "code",
   "execution_count": 67,
   "metadata": {},
   "outputs": [
    {
     "data": {
      "text/html": [
       "<div>\n",
       "<style scoped>\n",
       "    .dataframe tbody tr th:only-of-type {\n",
       "        vertical-align: middle;\n",
       "    }\n",
       "\n",
       "    .dataframe tbody tr th {\n",
       "        vertical-align: top;\n",
       "    }\n",
       "\n",
       "    .dataframe thead th {\n",
       "        text-align: right;\n",
       "    }\n",
       "</style>\n",
       "<table border=\"1\" class=\"dataframe\">\n",
       "  <thead>\n",
       "    <tr style=\"text-align: right;\">\n",
       "      <th></th>\n",
       "      <th>Date</th>\n",
       "      <th>Open</th>\n",
       "      <th>High</th>\n",
       "      <th>Low</th>\n",
       "      <th>Close</th>\n",
       "      <th>Volume</th>\n",
       "      <th>Adj Close</th>\n",
       "      <th>Date_converted</th>\n",
       "    </tr>\n",
       "  </thead>\n",
       "  <tbody>\n",
       "    <tr>\n",
       "      <th>16589</th>\n",
       "      <td>1950-01-03</td>\n",
       "      <td>16.660000</td>\n",
       "      <td>16.660000</td>\n",
       "      <td>16.660000</td>\n",
       "      <td>16.660000</td>\n",
       "      <td>1.260000e+06</td>\n",
       "      <td>16.660000</td>\n",
       "      <td>1950-01-03</td>\n",
       "    </tr>\n",
       "    <tr>\n",
       "      <th>16588</th>\n",
       "      <td>1950-01-04</td>\n",
       "      <td>16.850000</td>\n",
       "      <td>16.850000</td>\n",
       "      <td>16.850000</td>\n",
       "      <td>16.850000</td>\n",
       "      <td>1.890000e+06</td>\n",
       "      <td>16.850000</td>\n",
       "      <td>1950-01-04</td>\n",
       "    </tr>\n",
       "    <tr>\n",
       "      <th>16587</th>\n",
       "      <td>1950-01-05</td>\n",
       "      <td>16.930000</td>\n",
       "      <td>16.930000</td>\n",
       "      <td>16.930000</td>\n",
       "      <td>16.930000</td>\n",
       "      <td>2.550000e+06</td>\n",
       "      <td>16.930000</td>\n",
       "      <td>1950-01-05</td>\n",
       "    </tr>\n",
       "    <tr>\n",
       "      <th>16586</th>\n",
       "      <td>1950-01-06</td>\n",
       "      <td>16.980000</td>\n",
       "      <td>16.980000</td>\n",
       "      <td>16.980000</td>\n",
       "      <td>16.980000</td>\n",
       "      <td>2.010000e+06</td>\n",
       "      <td>16.980000</td>\n",
       "      <td>1950-01-06</td>\n",
       "    </tr>\n",
       "    <tr>\n",
       "      <th>16585</th>\n",
       "      <td>1950-01-09</td>\n",
       "      <td>17.080000</td>\n",
       "      <td>17.080000</td>\n",
       "      <td>17.080000</td>\n",
       "      <td>17.080000</td>\n",
       "      <td>2.520000e+06</td>\n",
       "      <td>17.080000</td>\n",
       "      <td>1950-01-09</td>\n",
       "    </tr>\n",
       "    <tr>\n",
       "      <th>...</th>\n",
       "      <td>...</td>\n",
       "      <td>...</td>\n",
       "      <td>...</td>\n",
       "      <td>...</td>\n",
       "      <td>...</td>\n",
       "      <td>...</td>\n",
       "      <td>...</td>\n",
       "      <td>...</td>\n",
       "    </tr>\n",
       "    <tr>\n",
       "      <th>4</th>\n",
       "      <td>2015-12-01</td>\n",
       "      <td>2082.929932</td>\n",
       "      <td>2103.370117</td>\n",
       "      <td>2082.929932</td>\n",
       "      <td>2102.629883</td>\n",
       "      <td>3.712120e+09</td>\n",
       "      <td>2102.629883</td>\n",
       "      <td>2015-12-01</td>\n",
       "    </tr>\n",
       "    <tr>\n",
       "      <th>3</th>\n",
       "      <td>2015-12-02</td>\n",
       "      <td>2101.709961</td>\n",
       "      <td>2104.270020</td>\n",
       "      <td>2077.110107</td>\n",
       "      <td>2079.510010</td>\n",
       "      <td>3.950640e+09</td>\n",
       "      <td>2079.510010</td>\n",
       "      <td>2015-12-02</td>\n",
       "    </tr>\n",
       "    <tr>\n",
       "      <th>2</th>\n",
       "      <td>2015-12-03</td>\n",
       "      <td>2080.709961</td>\n",
       "      <td>2085.000000</td>\n",
       "      <td>2042.349976</td>\n",
       "      <td>2049.620117</td>\n",
       "      <td>4.306490e+09</td>\n",
       "      <td>2049.620117</td>\n",
       "      <td>2015-12-03</td>\n",
       "    </tr>\n",
       "    <tr>\n",
       "      <th>1</th>\n",
       "      <td>2015-12-04</td>\n",
       "      <td>2051.239990</td>\n",
       "      <td>2093.840088</td>\n",
       "      <td>2051.239990</td>\n",
       "      <td>2091.689941</td>\n",
       "      <td>4.214910e+09</td>\n",
       "      <td>2091.689941</td>\n",
       "      <td>2015-12-04</td>\n",
       "    </tr>\n",
       "    <tr>\n",
       "      <th>0</th>\n",
       "      <td>2015-12-07</td>\n",
       "      <td>2090.419922</td>\n",
       "      <td>2090.419922</td>\n",
       "      <td>2066.780029</td>\n",
       "      <td>2077.070068</td>\n",
       "      <td>4.043820e+09</td>\n",
       "      <td>2077.070068</td>\n",
       "      <td>2015-12-07</td>\n",
       "    </tr>\n",
       "  </tbody>\n",
       "</table>\n",
       "<p>16590 rows × 8 columns</p>\n",
       "</div>"
      ],
      "text/plain": [
       "             Date         Open         High          Low        Close  \\\n",
       "16589  1950-01-03    16.660000    16.660000    16.660000    16.660000   \n",
       "16588  1950-01-04    16.850000    16.850000    16.850000    16.850000   \n",
       "16587  1950-01-05    16.930000    16.930000    16.930000    16.930000   \n",
       "16586  1950-01-06    16.980000    16.980000    16.980000    16.980000   \n",
       "16585  1950-01-09    17.080000    17.080000    17.080000    17.080000   \n",
       "...           ...          ...          ...          ...          ...   \n",
       "4      2015-12-01  2082.929932  2103.370117  2082.929932  2102.629883   \n",
       "3      2015-12-02  2101.709961  2104.270020  2077.110107  2079.510010   \n",
       "2      2015-12-03  2080.709961  2085.000000  2042.349976  2049.620117   \n",
       "1      2015-12-04  2051.239990  2093.840088  2051.239990  2091.689941   \n",
       "0      2015-12-07  2090.419922  2090.419922  2066.780029  2077.070068   \n",
       "\n",
       "             Volume    Adj Close Date_converted  \n",
       "16589  1.260000e+06    16.660000     1950-01-03  \n",
       "16588  1.890000e+06    16.850000     1950-01-04  \n",
       "16587  2.550000e+06    16.930000     1950-01-05  \n",
       "16586  2.010000e+06    16.980000     1950-01-06  \n",
       "16585  2.520000e+06    17.080000     1950-01-09  \n",
       "...             ...          ...            ...  \n",
       "4      3.712120e+09  2102.629883     2015-12-01  \n",
       "3      3.950640e+09  2079.510010     2015-12-02  \n",
       "2      4.306490e+09  2049.620117     2015-12-03  \n",
       "1      4.214910e+09  2091.689941     2015-12-04  \n",
       "0      4.043820e+09  2077.070068     2015-12-07  \n",
       "\n",
       "[16590 rows x 8 columns]"
      ]
     },
     "execution_count": 67,
     "metadata": {},
     "output_type": "execute_result"
    }
   ],
   "source": [
    "data"
   ]
  },
  {
   "cell_type": "code",
   "execution_count": 68,
   "metadata": {},
   "outputs": [
    {
     "data": {
      "text/html": [
       "<div>\n",
       "<style scoped>\n",
       "    .dataframe tbody tr th:only-of-type {\n",
       "        vertical-align: middle;\n",
       "    }\n",
       "\n",
       "    .dataframe tbody tr th {\n",
       "        vertical-align: top;\n",
       "    }\n",
       "\n",
       "    .dataframe thead th {\n",
       "        text-align: right;\n",
       "    }\n",
       "</style>\n",
       "<table border=\"1\" class=\"dataframe\">\n",
       "  <thead>\n",
       "    <tr style=\"text-align: right;\">\n",
       "      <th></th>\n",
       "      <th>Date</th>\n",
       "      <th>Open</th>\n",
       "      <th>High</th>\n",
       "      <th>Low</th>\n",
       "      <th>Close</th>\n",
       "      <th>Volume</th>\n",
       "      <th>Adj Close</th>\n",
       "      <th>Date_converted</th>\n",
       "    </tr>\n",
       "    <tr>\n",
       "      <th>index</th>\n",
       "      <th></th>\n",
       "      <th></th>\n",
       "      <th></th>\n",
       "      <th></th>\n",
       "      <th></th>\n",
       "      <th></th>\n",
       "      <th></th>\n",
       "      <th></th>\n",
       "    </tr>\n",
       "  </thead>\n",
       "  <tbody>\n",
       "    <tr>\n",
       "      <th>0</th>\n",
       "      <td>1950-01-03</td>\n",
       "      <td>16.660000</td>\n",
       "      <td>16.660000</td>\n",
       "      <td>16.660000</td>\n",
       "      <td>16.660000</td>\n",
       "      <td>1.260000e+06</td>\n",
       "      <td>16.660000</td>\n",
       "      <td>1950-01-03</td>\n",
       "    </tr>\n",
       "    <tr>\n",
       "      <th>1</th>\n",
       "      <td>1950-01-04</td>\n",
       "      <td>16.850000</td>\n",
       "      <td>16.850000</td>\n",
       "      <td>16.850000</td>\n",
       "      <td>16.850000</td>\n",
       "      <td>1.890000e+06</td>\n",
       "      <td>16.850000</td>\n",
       "      <td>1950-01-04</td>\n",
       "    </tr>\n",
       "    <tr>\n",
       "      <th>2</th>\n",
       "      <td>1950-01-05</td>\n",
       "      <td>16.930000</td>\n",
       "      <td>16.930000</td>\n",
       "      <td>16.930000</td>\n",
       "      <td>16.930000</td>\n",
       "      <td>2.550000e+06</td>\n",
       "      <td>16.930000</td>\n",
       "      <td>1950-01-05</td>\n",
       "    </tr>\n",
       "    <tr>\n",
       "      <th>3</th>\n",
       "      <td>1950-01-06</td>\n",
       "      <td>16.980000</td>\n",
       "      <td>16.980000</td>\n",
       "      <td>16.980000</td>\n",
       "      <td>16.980000</td>\n",
       "      <td>2.010000e+06</td>\n",
       "      <td>16.980000</td>\n",
       "      <td>1950-01-06</td>\n",
       "    </tr>\n",
       "    <tr>\n",
       "      <th>4</th>\n",
       "      <td>1950-01-09</td>\n",
       "      <td>17.080000</td>\n",
       "      <td>17.080000</td>\n",
       "      <td>17.080000</td>\n",
       "      <td>17.080000</td>\n",
       "      <td>2.520000e+06</td>\n",
       "      <td>17.080000</td>\n",
       "      <td>1950-01-09</td>\n",
       "    </tr>\n",
       "    <tr>\n",
       "      <th>...</th>\n",
       "      <td>...</td>\n",
       "      <td>...</td>\n",
       "      <td>...</td>\n",
       "      <td>...</td>\n",
       "      <td>...</td>\n",
       "      <td>...</td>\n",
       "      <td>...</td>\n",
       "      <td>...</td>\n",
       "    </tr>\n",
       "    <tr>\n",
       "      <th>16585</th>\n",
       "      <td>2015-12-01</td>\n",
       "      <td>2082.929932</td>\n",
       "      <td>2103.370117</td>\n",
       "      <td>2082.929932</td>\n",
       "      <td>2102.629883</td>\n",
       "      <td>3.712120e+09</td>\n",
       "      <td>2102.629883</td>\n",
       "      <td>2015-12-01</td>\n",
       "    </tr>\n",
       "    <tr>\n",
       "      <th>16586</th>\n",
       "      <td>2015-12-02</td>\n",
       "      <td>2101.709961</td>\n",
       "      <td>2104.270020</td>\n",
       "      <td>2077.110107</td>\n",
       "      <td>2079.510010</td>\n",
       "      <td>3.950640e+09</td>\n",
       "      <td>2079.510010</td>\n",
       "      <td>2015-12-02</td>\n",
       "    </tr>\n",
       "    <tr>\n",
       "      <th>16587</th>\n",
       "      <td>2015-12-03</td>\n",
       "      <td>2080.709961</td>\n",
       "      <td>2085.000000</td>\n",
       "      <td>2042.349976</td>\n",
       "      <td>2049.620117</td>\n",
       "      <td>4.306490e+09</td>\n",
       "      <td>2049.620117</td>\n",
       "      <td>2015-12-03</td>\n",
       "    </tr>\n",
       "    <tr>\n",
       "      <th>16588</th>\n",
       "      <td>2015-12-04</td>\n",
       "      <td>2051.239990</td>\n",
       "      <td>2093.840088</td>\n",
       "      <td>2051.239990</td>\n",
       "      <td>2091.689941</td>\n",
       "      <td>4.214910e+09</td>\n",
       "      <td>2091.689941</td>\n",
       "      <td>2015-12-04</td>\n",
       "    </tr>\n",
       "    <tr>\n",
       "      <th>16589</th>\n",
       "      <td>2015-12-07</td>\n",
       "      <td>2090.419922</td>\n",
       "      <td>2090.419922</td>\n",
       "      <td>2066.780029</td>\n",
       "      <td>2077.070068</td>\n",
       "      <td>4.043820e+09</td>\n",
       "      <td>2077.070068</td>\n",
       "      <td>2015-12-07</td>\n",
       "    </tr>\n",
       "  </tbody>\n",
       "</table>\n",
       "<p>16590 rows × 8 columns</p>\n",
       "</div>"
      ],
      "text/plain": [
       "             Date         Open         High          Low        Close  \\\n",
       "index                                                                   \n",
       "0      1950-01-03    16.660000    16.660000    16.660000    16.660000   \n",
       "1      1950-01-04    16.850000    16.850000    16.850000    16.850000   \n",
       "2      1950-01-05    16.930000    16.930000    16.930000    16.930000   \n",
       "3      1950-01-06    16.980000    16.980000    16.980000    16.980000   \n",
       "4      1950-01-09    17.080000    17.080000    17.080000    17.080000   \n",
       "...           ...          ...          ...          ...          ...   \n",
       "16585  2015-12-01  2082.929932  2103.370117  2082.929932  2102.629883   \n",
       "16586  2015-12-02  2101.709961  2104.270020  2077.110107  2079.510010   \n",
       "16587  2015-12-03  2080.709961  2085.000000  2042.349976  2049.620117   \n",
       "16588  2015-12-04  2051.239990  2093.840088  2051.239990  2091.689941   \n",
       "16589  2015-12-07  2090.419922  2090.419922  2066.780029  2077.070068   \n",
       "\n",
       "             Volume    Adj Close Date_converted  \n",
       "index                                            \n",
       "0      1.260000e+06    16.660000     1950-01-03  \n",
       "1      1.890000e+06    16.850000     1950-01-04  \n",
       "2      2.550000e+06    16.930000     1950-01-05  \n",
       "3      2.010000e+06    16.980000     1950-01-06  \n",
       "4      2.520000e+06    17.080000     1950-01-09  \n",
       "...             ...          ...            ...  \n",
       "16585  3.712120e+09  2102.629883     2015-12-01  \n",
       "16586  3.950640e+09  2079.510010     2015-12-02  \n",
       "16587  4.306490e+09  2049.620117     2015-12-03  \n",
       "16588  4.214910e+09  2091.689941     2015-12-04  \n",
       "16589  4.043820e+09  2077.070068     2015-12-07  \n",
       "\n",
       "[16590 rows x 8 columns]"
      ]
     },
     "execution_count": 68,
     "metadata": {},
     "output_type": "execute_result"
    }
   ],
   "source": [
    "data['index'] = range(0, data.shape[0], 1)\n",
    "data.set_index(['index'])\n",
    "#data.reset_index(drop=True, inplace=True)\n",
    "#print(data.iloc[:10])"
   ]
  },
  {
   "cell_type": "markdown",
   "metadata": {},
   "source": [
    "### Rolling averages\n",
    "We will calculate average of the values of previous *5 days* for each date. This calculation of average must exclude value of present date. These values are stored as new column called `5_days`.\n",
    "\n",
    "Similarly, calculation for average will be done for *30 days* and *365 days*, and stored as new column called `30_days` and `365_days`."
   ]
  },
  {
   "cell_type": "code",
   "execution_count": 69,
   "metadata": {},
   "outputs": [
    {
     "data": {
      "text/html": [
       "<div>\n",
       "<style scoped>\n",
       "    .dataframe tbody tr th:only-of-type {\n",
       "        vertical-align: middle;\n",
       "    }\n",
       "\n",
       "    .dataframe tbody tr th {\n",
       "        vertical-align: top;\n",
       "    }\n",
       "\n",
       "    .dataframe thead th {\n",
       "        text-align: right;\n",
       "    }\n",
       "</style>\n",
       "<table border=\"1\" class=\"dataframe\">\n",
       "  <thead>\n",
       "    <tr style=\"text-align: right;\">\n",
       "      <th></th>\n",
       "      <th>Date</th>\n",
       "      <th>Open</th>\n",
       "      <th>High</th>\n",
       "      <th>Low</th>\n",
       "      <th>Close</th>\n",
       "      <th>Volume</th>\n",
       "      <th>Adj Close</th>\n",
       "      <th>Date_converted</th>\n",
       "      <th>index</th>\n",
       "      <th>5_days</th>\n",
       "      <th>30_days</th>\n",
       "      <th>365_days</th>\n",
       "    </tr>\n",
       "  </thead>\n",
       "  <tbody>\n",
       "    <tr>\n",
       "      <th>16589</th>\n",
       "      <td>1950-01-03</td>\n",
       "      <td>16.660000</td>\n",
       "      <td>16.660000</td>\n",
       "      <td>16.660000</td>\n",
       "      <td>16.660000</td>\n",
       "      <td>1260000.0</td>\n",
       "      <td>16.660000</td>\n",
       "      <td>1950-01-03</td>\n",
       "      <td>0</td>\n",
       "      <td>NaN</td>\n",
       "      <td>NaN</td>\n",
       "      <td>NaN</td>\n",
       "    </tr>\n",
       "    <tr>\n",
       "      <th>16588</th>\n",
       "      <td>1950-01-04</td>\n",
       "      <td>16.850000</td>\n",
       "      <td>16.850000</td>\n",
       "      <td>16.850000</td>\n",
       "      <td>16.850000</td>\n",
       "      <td>1890000.0</td>\n",
       "      <td>16.850000</td>\n",
       "      <td>1950-01-04</td>\n",
       "      <td>1</td>\n",
       "      <td>NaN</td>\n",
       "      <td>NaN</td>\n",
       "      <td>NaN</td>\n",
       "    </tr>\n",
       "    <tr>\n",
       "      <th>16587</th>\n",
       "      <td>1950-01-05</td>\n",
       "      <td>16.930000</td>\n",
       "      <td>16.930000</td>\n",
       "      <td>16.930000</td>\n",
       "      <td>16.930000</td>\n",
       "      <td>2550000.0</td>\n",
       "      <td>16.930000</td>\n",
       "      <td>1950-01-05</td>\n",
       "      <td>2</td>\n",
       "      <td>NaN</td>\n",
       "      <td>NaN</td>\n",
       "      <td>NaN</td>\n",
       "    </tr>\n",
       "    <tr>\n",
       "      <th>16586</th>\n",
       "      <td>1950-01-06</td>\n",
       "      <td>16.980000</td>\n",
       "      <td>16.980000</td>\n",
       "      <td>16.980000</td>\n",
       "      <td>16.980000</td>\n",
       "      <td>2010000.0</td>\n",
       "      <td>16.980000</td>\n",
       "      <td>1950-01-06</td>\n",
       "      <td>3</td>\n",
       "      <td>NaN</td>\n",
       "      <td>NaN</td>\n",
       "      <td>NaN</td>\n",
       "    </tr>\n",
       "    <tr>\n",
       "      <th>16585</th>\n",
       "      <td>1950-01-09</td>\n",
       "      <td>17.080000</td>\n",
       "      <td>17.080000</td>\n",
       "      <td>17.080000</td>\n",
       "      <td>17.080000</td>\n",
       "      <td>2520000.0</td>\n",
       "      <td>17.080000</td>\n",
       "      <td>1950-01-09</td>\n",
       "      <td>4</td>\n",
       "      <td>16.900</td>\n",
       "      <td>NaN</td>\n",
       "      <td>NaN</td>\n",
       "    </tr>\n",
       "    <tr>\n",
       "      <th>16584</th>\n",
       "      <td>1950-01-10</td>\n",
       "      <td>17.030001</td>\n",
       "      <td>17.030001</td>\n",
       "      <td>17.030001</td>\n",
       "      <td>17.030001</td>\n",
       "      <td>2160000.0</td>\n",
       "      <td>17.030001</td>\n",
       "      <td>1950-01-10</td>\n",
       "      <td>5</td>\n",
       "      <td>16.974</td>\n",
       "      <td>NaN</td>\n",
       "      <td>NaN</td>\n",
       "    </tr>\n",
       "    <tr>\n",
       "      <th>16583</th>\n",
       "      <td>1950-01-11</td>\n",
       "      <td>17.090000</td>\n",
       "      <td>17.090000</td>\n",
       "      <td>17.090000</td>\n",
       "      <td>17.090000</td>\n",
       "      <td>2630000.0</td>\n",
       "      <td>17.090000</td>\n",
       "      <td>1950-01-11</td>\n",
       "      <td>6</td>\n",
       "      <td>17.022</td>\n",
       "      <td>NaN</td>\n",
       "      <td>NaN</td>\n",
       "    </tr>\n",
       "    <tr>\n",
       "      <th>16582</th>\n",
       "      <td>1950-01-12</td>\n",
       "      <td>16.760000</td>\n",
       "      <td>16.760000</td>\n",
       "      <td>16.760000</td>\n",
       "      <td>16.760000</td>\n",
       "      <td>2970000.0</td>\n",
       "      <td>16.760000</td>\n",
       "      <td>1950-01-12</td>\n",
       "      <td>7</td>\n",
       "      <td>16.988</td>\n",
       "      <td>NaN</td>\n",
       "      <td>NaN</td>\n",
       "    </tr>\n",
       "    <tr>\n",
       "      <th>16581</th>\n",
       "      <td>1950-01-13</td>\n",
       "      <td>16.670000</td>\n",
       "      <td>16.670000</td>\n",
       "      <td>16.670000</td>\n",
       "      <td>16.670000</td>\n",
       "      <td>3330000.0</td>\n",
       "      <td>16.670000</td>\n",
       "      <td>1950-01-13</td>\n",
       "      <td>8</td>\n",
       "      <td>16.926</td>\n",
       "      <td>NaN</td>\n",
       "      <td>NaN</td>\n",
       "    </tr>\n",
       "    <tr>\n",
       "      <th>16580</th>\n",
       "      <td>1950-01-16</td>\n",
       "      <td>16.719999</td>\n",
       "      <td>16.719999</td>\n",
       "      <td>16.719999</td>\n",
       "      <td>16.719999</td>\n",
       "      <td>1460000.0</td>\n",
       "      <td>16.719999</td>\n",
       "      <td>1950-01-16</td>\n",
       "      <td>9</td>\n",
       "      <td>16.854</td>\n",
       "      <td>NaN</td>\n",
       "      <td>NaN</td>\n",
       "    </tr>\n",
       "    <tr>\n",
       "      <th>16579</th>\n",
       "      <td>1950-01-17</td>\n",
       "      <td>16.860001</td>\n",
       "      <td>16.860001</td>\n",
       "      <td>16.860001</td>\n",
       "      <td>16.860001</td>\n",
       "      <td>1790000.0</td>\n",
       "      <td>16.860001</td>\n",
       "      <td>1950-01-17</td>\n",
       "      <td>10</td>\n",
       "      <td>16.820</td>\n",
       "      <td>NaN</td>\n",
       "      <td>NaN</td>\n",
       "    </tr>\n",
       "    <tr>\n",
       "      <th>16578</th>\n",
       "      <td>1950-01-18</td>\n",
       "      <td>16.850000</td>\n",
       "      <td>16.850000</td>\n",
       "      <td>16.850000</td>\n",
       "      <td>16.850000</td>\n",
       "      <td>1570000.0</td>\n",
       "      <td>16.850000</td>\n",
       "      <td>1950-01-18</td>\n",
       "      <td>11</td>\n",
       "      <td>16.772</td>\n",
       "      <td>NaN</td>\n",
       "      <td>NaN</td>\n",
       "    </tr>\n",
       "    <tr>\n",
       "      <th>16577</th>\n",
       "      <td>1950-01-19</td>\n",
       "      <td>16.870001</td>\n",
       "      <td>16.870001</td>\n",
       "      <td>16.870001</td>\n",
       "      <td>16.870001</td>\n",
       "      <td>1170000.0</td>\n",
       "      <td>16.870001</td>\n",
       "      <td>1950-01-19</td>\n",
       "      <td>12</td>\n",
       "      <td>16.794</td>\n",
       "      <td>NaN</td>\n",
       "      <td>NaN</td>\n",
       "    </tr>\n",
       "    <tr>\n",
       "      <th>16576</th>\n",
       "      <td>1950-01-20</td>\n",
       "      <td>16.900000</td>\n",
       "      <td>16.900000</td>\n",
       "      <td>16.900000</td>\n",
       "      <td>16.900000</td>\n",
       "      <td>1440000.0</td>\n",
       "      <td>16.900000</td>\n",
       "      <td>1950-01-20</td>\n",
       "      <td>13</td>\n",
       "      <td>16.840</td>\n",
       "      <td>NaN</td>\n",
       "      <td>NaN</td>\n",
       "    </tr>\n",
       "    <tr>\n",
       "      <th>16575</th>\n",
       "      <td>1950-01-23</td>\n",
       "      <td>16.920000</td>\n",
       "      <td>16.920000</td>\n",
       "      <td>16.920000</td>\n",
       "      <td>16.920000</td>\n",
       "      <td>1340000.0</td>\n",
       "      <td>16.920000</td>\n",
